Sample	FastQC_mqc-generalstats-fastqc-percent_duplicates	FastQC_mqc-generalstats-fastqc-percent_gc	FastQC_mqc-generalstats-fastqc-avg_sequence_length	FastQC_mqc-generalstats-fastqc-median_sequence_length	FastQC_mqc-generalstats-fastqc-percent_fails	FastQC_mqc-generalstats-fastqc-total_sequences
DBR_ACWOSDA_2_1_HNWVMDSX3.UDI007_clean	26.12509561183481	37.0	146.3069457116986	151	0.0	28246767.0
DBR_ACWOSDA_2_2_HNWVMDSX3.UDI007_clean	24.03755224597704	37.0	147.2315741833393	151	0.0	28246767.0
DBR_ACXOSDA_2_1_HNWVMDSX3.UDI008_clean	23.577754724086603	37.0	144.34881589935077	151	0.0	32032201.0
DBR_ACXOSDA_2_2_HNWVMDSX3.UDI008_clean	22.29529550821377	37.0	145.48098764739893	151	0.0	32032201.0
DBR_ACYOSDA_2_1_HNWVMDSX3.UDI011_clean	25.966267696299667	38.0	139.84929419591973	151	0.0	28363891.0
DBR_ACYOSDA_2_2_HNWVMDSX3.UDI011_clean	25.04123162002672	38.0	140.14822493853188	151	0.0	28363891.0
DBR_ACZOSDA_2_1_HNWVMDSX3.UDI041_clean	23.08388336695677	36.0	141.87542191991596	151	0.0	21672063.0
DBR_ACZOSDA_2_2_HNWVMDSX3.UDI041_clean	22.392227337359984	36.0	141.7537843536169	151	0.0	21672063.0
DBR_ADAOSDA_2_1_HNWVMDSX3.UDI042_clean	22.849355160194463	37.0	136.4271075387009	151	0.0	27524026.0
DBR_ADAOSDA_2_2_HNWVMDSX3.UDI042_clean	21.870471439583582	37.0	137.50785292093533	151	0.0	27524026.0
DBR_ADBOSDA_2_1_HNWVMDSX3.UDI009_clean	25.563579230432694	37.0	142.17794812291947	151	0.0	32031178.0
DBR_ADBOSDA_2_2_HNWVMDSX3.UDI009_clean	22.925162181081888	37.0	143.15284639234935	151	0.0	32031178.0
DBR_ADCOSDA_2_1_HNWVMDSX3.UDI043_clean	24.880082412392568	36.0	139.5351771808769	151	0.0	22139466.0
DBR_ADCOSDA_2_2_HNWVMDSX3.UDI043_clean	23.82252708998378	36.0	140.51664154862632	151	0.0	22139466.0
DBR_ADDOSDA_2_1_HNWVMDSX3.UDI044_clean	25.932137140904956	36.0	143.5660607872719	151	0.0	26816173.0
DBR_ADDOSDA_2_2_HNWVMDSX3.UDI044_clean	24.368356819470833	36.0	144.52243517372892	151	0.0	26816173.0
DBR_ADEOSDA_2_1_HNWVMDSX3.UDI012_clean	23.507281581022696	35.0	137.07168640180936	151	0.0	20600476.0
DBR_ADEOSDA_2_2_HNWVMDSX3.UDI012_clean	23.003146623252107	35.0	137.9884919164004	151	0.0	20600476.0
DBR_ADFOSDA_2_1_HNWVMDSX3.UDI013_clean	26.834256645338712	37.0	145.69694687205316	151	0.0	30199586.0
DBR_ADFOSDA_2_2_HNWVMDSX3.UDI013_clean	24.745433178718315	37.0	146.7331173347873	151	0.0	30199586.0
DBR_ADGOSDA_2_1_HNWVMDSX3.UDI045_clean	22.979184675472794	37.0	136.75137785677438	151	0.0	29990599.0
DBR_ADGOSDA_2_2_HNWVMDSX3.UDI045_clean	21.245219971457956	37.0	137.71142000198128	151	0.0	29990599.0
DBR_ADHOSDA_2_1_HNWVMDSX3.UDI046_clean	21.673683410675665	37.0	133.54201844727243	151	0.0	31545585.0
DBR_ADHOSDA_2_2_HNWVMDSX3.UDI046_clean	20.64384172113388	37.0	134.57624713569268	151	0.0	31545585.0
DBR_ADIOSDA_2_1_HNWVMDSX3.UDI014_clean	29.422667526060906	36.0	145.87408089037203	151	0.0	39771779.0
DBR_ADIOSDA_2_2_HNWVMDSX3.UDI014_clean	27.132263657811833	37.0	146.65971469367764	151	0.0	39771779.0
DBR_ADJOSDA_2_1_HNWVMDSX3.UDI047_clean	21.138113089034633	38.0	129.2714929329001	147	0.0	24939721.0
DBR_ADJOSDA_2_2_HNWVMDSX3.UDI047_clean	20.09218151047959	38.0	130.38506096359296	147	0.0	24939721.0
DBR_ADKOSDA_2_1_HNWVMDSX3.UDI015_clean	28.215297356848353	36.0	145.41271390792173	151	0.0	28319019.0
DBR_ADKOSDA_2_2_HNWVMDSX3.UDI015_clean	26.891914774664954	36.0	146.3266784064801	151	0.0	28319019.0
DBR_ADLOSDA_2_1_HNWVMDSX3.UDI001_clean	24.477994204266466	37.0	130.69360077392017	151	0.0	34912128.0
DBR_ADLOSDA_2_2_HNWVMDSX3.UDI001_clean	23.6114549762315	37.0	131.58956669728067	151	0.0	34912128.0
DBR_ADMOSDA_2_1_HNWVMDSX3.UDI048_clean	28.277539718000554	38.0	146.55027694181157	151	0.0	34351801.0
DBR_ADMOSDA_2_2_HNWVMDSX3.UDI048_clean	26.726486593145665	38.0	146.6129062927443	151	0.0	34351801.0
DBR_ADNOSDA_2_1_HNWVMDSX3.UDI049_clean	23.33840796514579	37.0	123.4354507271269	137	0.0	22806748.0
DBR_ADNOSDA_2_2_HNWVMDSX3.UDI049_clean	22.682729288764335	37.0	123.73031464196474	137	0.0	22806748.0
DBR_ADOOSDA_2_1_HNWVMDSX3.UDI050_clean	25.400540320893796	37.0	141.18536721725613	151	0.0	34800339.0
DBR_ADOOSDA_2_2_HNWVMDSX3.UDI050_clean	24.097605463265822	37.0	142.25849768302544	151	0.0	34800339.0
DBR_ADPOSDA_2_1_HNWVMDSX3.UDI016_clean	24.188717701696135	36.0	136.80915433279466	151	0.0	26065821.0
DBR_ADPOSDA_2_2_HNWVMDSX3.UDI016_clean	23.382807754285935	36.0	137.67638172609256	151	0.0	26065821.0
DBR_ADQOSDA_2_1_HNWVMDSX3.UDI017_clean	23.255372356328664	36.0	136.2885471304857	151	0.0	23884774.0
DBR_ADQOSDA_2_2_HNWVMDSX3.UDI017_clean	22.467692467395537	36.0	137.28304529906794	151	0.0	23884774.0
DBR_ADROSDA_2_1_HNWVMDSX3.UDI094_clean	27.86110869293846	38.0	146.7183306351786	151	0.0	45307508.0
DBR_ADROSDA_2_2_HNWVMDSX3.UDI094_clean	25.803256925624225	38.0	147.60410574777143	151	0.0	45307508.0
DBR_ADSOSDA_2_1_HNWVMDSX3.UDI051_clean	24.84638832600156	34.0	147.2592099318802	151	0.0	27051313.0
DBR_ADSOSDA_2_2_HNWVMDSX3.UDI051_clean	22.379588578801048	34.0	147.44167623212965	151	0.0	27051313.0
DBR_ADTOSDA_2_1_HNWVMDSX3.UDI052_clean	23.025948355652005	37.0	132.0046475169423	151	0.0	41598127.0
DBR_ADTOSDA_2_2_HNWVMDSX3.UDI052_clean	22.22234557014214	37.0	131.97081447921923	151	0.0	41598127.0
DBR_ADUOSDA_2_1_HNWVMDSX3.UDI053_clean	22.990921042598117	37.0	136.44950407155704	151	0.0	35749714.0
DBR_ADUOSDA_2_2_HNWVMDSX3.UDI053_clean	21.78414252583717	38.0	137.81434528399305	151	0.0	35749714.0
DBR_ADVOSDA_2_1_HNWVMDSX3.UDI010_clean	25.814451934736624	36.0	126.88633328288495	142	0.0	24705121.0
DBR_ADVOSDA_2_2_HNWVMDSX3.UDI010_clean	25.441251182116517	36.0	127.19041829424758	142	0.0	24705121.0
DBR_ADWOSDA_2_1_HNWVMDSX3.UDI018_clean	23.19253075419489	37.0	130.64900368928542	151	0.0	34568483.0
DBR_ADWOSDA_2_2_HNWVMDSX3.UDI018_clean	22.36855046079539	37.0	131.7763308560575	151	0.0	34568483.0
DBR_ADXOSDA_2_1_HNWVMDSX3.UDI054_clean	28.475428175183055	37.0	147.89618681610145	151	0.0	29943586.0
DBR_ADXOSDA_2_2_HNWVMDSX3.UDI054_clean	23.604915884865946	37.0	148.85984417497625	151	0.0	29943586.0
DBR_ADYOSDA_2_1_HNWVMDSX3.UDI055_clean	26.581084068007556	37.0	140.31310564005184	151	0.0	57436653.0
DBR_ADYOSDA_2_2_HNWVMDSX3.UDI055_clean	24.825709100512668	37.0	141.56262911071786	151	0.0	57436653.0
DBR_ADZOSDA_2_1_HNWVMDSX3.UDI056B_clean	26.143213106676498	37.0	135.77009821382447	151	0.0	48742018.0
DBR_ADZOSDA_2_2_HNWVMDSX3.UDI056B_clean	24.88142834775472	37.0	136.85358872502982	151	0.0	48742018.0
DBR_AEAOSDA_2_1_HNWVMDSX3.UDI003_clean	22.730528964772674	37.0	146.07157638485924	151	0.0	28419513.0
DBR_AEAOSDA_2_2_HNWVMDSX3.UDI003_clean	21.213046120601902	37.0	147.12390810496998	151	0.0	28419513.0
DBR_AEBOSDA_2_1_HNWVMDSX3.UDI057_clean	27.5510059371705	37.0	148.1124971037086	151	0.0	31777707.0
DBR_AEBOSDA_2_2_HNWVMDSX3.UDI057_clean	24.354599321048752	37.0	149.19234285846994	151	0.0	31777707.0
DBR_AECOSDA_2_1_HNWVMDSX3.UDI058_clean	28.33478438962692	37.0	146.45015003666686	151	0.0	32945280.0
DBR_AECOSDA_2_2_HNWVMDSX3.UDI058_clean	26.218990733323437	37.0	147.33469950778988	151	0.0	32945280.0
DBR_AEDOSDA_2_1_HNWVMDSX3.UDI059_clean	21.984890540106477	37.0	131.4109506282914	151	0.0	33255827.0
DBR_AEDOSDA_2_2_HNWVMDSX3.UDI059_clean	21.13499770300649	37.0	132.49875235398596	151	0.0	33255827.0
DBR_AEEOSDA_2_1_HNWVMDSX3.UDI060_clean	24.02294875478256	36.0	129.345605556347	147	0.0	36353669.0
DBR_AEEOSDA_2_2_HNWVMDSX3.UDI060_clean	22.98049700334822	36.0	129.3619427794207	147	0.0	36353669.0
DBR_AEFOSDA_2_1_HNWVMDSX3.UDI061_clean	27.177387242136845	37.0	145.49142118670417	151	0.0	35600903.0
DBR_AEFOSDA_2_2_HNWVMDSX3.UDI061_clean	24.71061172329256	37.0	146.44624390566722	151	0.0	35600903.0
DBR_AEGOSDA_2_1_HNWVMDSX3.UDI004_clean	22.05239420216597	36.0	139.68983972416152	151	0.0	21218794.0
DBR_AEGOSDA_2_2_HNWVMDSX3.UDI004_clean	21.227484315980718	36.0	140.67879611819598	151	0.0	21218794.0
DBR_AEHOSDA_2_1_HNWVMDSX3.UDI019_clean	29.048627502676723	36.0	141.9921284137744	151	0.0	63166557.0
DBR_AEHOSDA_2_2_HNWVMDSX3.UDI019_clean	27.45259249143092	36.0	142.71243333715339	151	0.0	63166557.0
DBR_AEIOSDA_2_1_HNWVMDSX3.UDI062_clean	23.55385630195792	37.0	135.84835872340096	151	0.0	35960453.0
DBR_AEIOSDA_2_2_HNWVMDSX3.UDI062_clean	22.294281404923993	37.0	136.96301884739884	151	0.0	35960453.0
DBR_AEJOSDA_2_1_HNWVMDSX3.UDI063_clean	26.84682176815214	37.0	145.97608459732132	151	0.0	26107777.0
DBR_AEJOSDA_2_2_HNWVMDSX3.UDI063_clean	24.86604055326039	37.0	146.92488659605144	151	0.0	26107777.0
DBR_AEKOSDA_2_1_HNWVMDSX3.UDI005_clean	25.628193562423107	37.0	141.6156390619113	151	0.0	44810987.0
DBR_AEKOSDA_2_2_HNWVMDSX3.UDI005_clean	24.074669096297626	37.0	142.89446936306044	151	0.0	44810987.0
DBR_AELOSDA_2_1_HNWVMDSX3.UDI064_clean	24.22910049940627	38.0	144.14826818302637	151	0.0	27855484.0
DBR_AELOSDA_2_2_HNWVMDSX3.UDI064_clean	22.564909077902442	38.0	145.36443100396318	151	0.0	27855484.0
DBR_AEMOSDA_2_1_HNWVMDSX3.UDI065_clean	22.6127639050342	37.0	133.29047167198632	151	0.0	26463751.0
DBR_AEMOSDA_2_2_HNWVMDSX3.UDI065_clean	21.55335159840041	37.0	134.3954868302683	151	0.0	26463751.0
DBR_AENOSDA_2_1_HNWVMDSX3.UDI066_clean	22.818643790211382	36.0	136.12600109289107	151	0.0	22964777.0
DBR_AENOSDA_2_2_HNWVMDSX3.UDI066_clean	21.814046544834994	36.0	137.23187697402852	151	0.0	22964777.0
DBR_AEOOSDA_2_1_HNWVMDSX3.UDI020_clean	32.135356311696356	37.0	141.81163361734104	151	0.0	45487262.0
DBR_AEOOSDA_2_2_HNWVMDSX3.UDI020_clean	30.543318994507402	37.0	142.5995575420653	151	0.0	45487262.0
DBR_AEPOSDA_2_1_HNWVMDSX3.UDI021_clean	24.915613384073623	36.0	141.19418287306138	151	0.0	35475657.0
DBR_AEPOSDA_2_2_HNWVMDSX3.UDI021_clean	21.132399438582866	37.0	142.09682171636737	151	0.0	35475657.0
DBR_AEQOSDA_2_1_HNWVMDSX3.UDI067_clean	24.24802514692918	38.0	144.68798154414847	151	0.0	24557198.0
DBR_AEQOSDA_2_2_HNWVMDSX3.UDI067_clean	21.77796560017896	38.0	145.5629579156384	151	0.0	24557198.0
DBR_AEROSDA_2_1_HNWVMDSX3.UDI068_clean	25.914232376878715	37.0	140.49305102834774	151	0.0	30500772.0
DBR_AEROSDA_2_2_HNWVMDSX3.UDI068_clean	24.797989379746866	37.0	141.72056471226367	151	0.0	30500772.0
DBR_AESOSDA_2_1_HNWVMDSX3.UDI069_clean	20.09944131038111	37.0	134.02426840396183	151	0.0	26096813.0
DBR_AESOSDA_2_2_HNWVMDSX3.UDI069_clean	19.543285421409664	37.0	135.22396363111466	151	0.0	26096813.0
DBR_AETOSDA_2_1_HNWVMDSX3.UDI022_clean	23.97619925049173	37.0	133.9791203281527	151	0.0	32456353.0
DBR_AETOSDA_2_2_HNWVMDSX3.UDI022_clean	23.22494875649828	37.0	134.89749864995613	151	0.0	32456353.0
DBR_AEUOSDA_2_1_HNWVMDSX3.UDI070_clean	23.13865337781526	37.0	131.32870659695323	151	0.0	25234346.0
DBR_AEUOSDA_2_2_HNWVMDSX3.UDI070_clean	22.268156889126175	37.0	132.36539318276763	151	0.0	25234346.0
DBR_AEVOSDA_2_1_HNWVMDSX3.UDI095_clean	25.922194779281398	37.0	145.973757637392	151	0.0	31708959.0
DBR_AEVOSDA_2_2_HNWVMDSX3.UDI095_clean	23.80922512342879	37.0	147.0511809296546	151	0.0	31708959.0
DBR_AEWOSDA_2_1_HNWVMDSX3.UDI071_clean	27.23595753165536	38.0	145.06486512037003	151	0.0	30633536.0
DBR_AEWOSDA_2_2_HNWVMDSX3.UDI071_clean	25.01025216221842	38.0	146.01991271918462	151	0.0	30633536.0
DBR_AEXOSDA_2_1_HNWVMDSX3.UDI023_clean	26.815817833442495	37.0	147.81170842236347	151	0.0	34959142.0
DBR_AEXOSDA_2_2_HNWVMDSX3.UDI023_clean	24.343033601299297	37.0	148.70389805333323	151	0.0	34959142.0
DBR_AEYOSDA_2_1_HNWVMDSX3.UDI024_clean	25.513416620593844	36.0	140.33453395495516	151	0.0	34145090.0
DBR_AEYOSDA_2_2_HNWVMDSX3.UDI024_clean	24.419421131782443	36.0	141.46422709678023	151	0.0	34145090.0
DBR_AEZOSDA_2_1_HNWVMDSX3.UDI072_clean	26.852344109003326	38.0	140.87170848940818	151	0.0	39242924.0
DBR_AEZOSDA_2_2_HNWVMDSX3.UDI072_clean	25.053789421389865	38.0	141.6982298260955	151	0.0	39242924.0
DBR_AFAOSDA_2_1_HNWVMDSX3.UDI073_clean	24.163526977337725	37.0	136.6722679934879	151	0.0	39191012.0
DBR_AFAOSDA_2_2_HNWVMDSX3.UDI073_clean	23.464895184185337	37.0	137.7583547727729	151	0.0	39191012.0
DBR_AFBOSDA_2_1_HNWVMDSX3.UDI025_clean	28.814934204754138	36.0	143.5346642834041	151	0.0	36892844.0
DBR_AFBOSDA_2_2_HNWVMDSX3.UDI025_clean	27.466522205704564	37.0	144.69565620910114	151	0.0	36892844.0
DBR_AFCOSDA_2_1_HNWVMDSX3.UDI026_clean	25.0045012605638	37.0	141.56456721002613	151	0.0	32769590.0
DBR_AFCOSDA_2_2_HNWVMDSX3.UDI026_clean	23.542850417807358	37.0	142.81583700009674	151	0.0	32769590.0
DBR_AFDOSDA_2_1_HNWVMDSX3.UDI027_clean	28.42332834616117	37.0	146.71633178740166	151	0.0	41324595.0
DBR_AFDOSDA_2_2_HNWVMDSX3.UDI027_clean	26.06392146789456	38.0	147.6317838565629	151	0.0	41324595.0
DBR_AFEOSDA_2_1_HNWVMDSX3.UDI028_clean	26.002818264139222	37.0	137.30555347646379	151	0.0	41858555.0
DBR_AFEOSDA_2_2_HNWVMDSX3.UDI028_clean	25.245665820719836	37.0	138.4947571649332	151	0.0	41858555.0
DBR_AFFOSDA_2_1_HNWVMDSX3.UDI074_clean	27.674739876847156	37.0	146.11837283309453	151	0.0	33214589.0
DBR_AFFOSDA_2_2_HNWVMDSX3.UDI074_clean	25.114760644069577	37.0	147.09000379321267	151	0.0	33214589.0
DBR_AFGOSDA_2_1_HNWVMDSX3.UDI075_clean	27.432542141760692	37.0	143.63498322715276	151	0.0	35929201.0
DBR_AFGOSDA_2_2_HNWVMDSX3.UDI075_clean	25.263639130262206	37.0	144.49044636422613	151	0.0	35929201.0
DBR_AFHOSDA_2_1_HNWVMDSX3.UDI002_clean	26.91735448371449	37.0	146.16636251433562	151	0.0	31722591.0
DBR_AFHOSDA_2_2_HNWVMDSX3.UDI002_clean	25.185904432222202	37.0	147.34560052172284	151	0.0	31722591.0
DBR_AFIOSDA_2_1_HNWVMDSX3.UDI076_clean	25.369015883156905	38.0	141.40698914345552	151	0.0	42060805.0
DBR_AFIOSDA_2_2_HNWVMDSX3.UDI076_clean	23.985118326365225	38.0	142.65661582083368	151	0.0	42060805.0
DBR_AFJOSDA_2_1_HNWVMDSX3.UDI077_clean	28.29837968761325	37.0	136.9329252713714	151	0.0	29307804.0
DBR_AFJOSDA_2_2_HNWVMDSX3.UDI077_clean	27.15257851609401	37.0	136.8453972532367	151	0.0	29307804.0
DBR_AFKOSDA_2_1_HNWVMDSX3.UDI029_clean	24.725403515504738	37.0	141.5064327467275	151	0.0	40052564.0
DBR_AFKOSDA_2_2_HNWVMDSX3.UDI029_clean	23.757696169196734	37.0	142.79349786445633	151	0.0	40052564.0
DBR_AFLOSDA_2_1_HNWVMDSX3.UDI078_clean	26.96986013435722	37.0	143.70969428637713	151	0.0	34034728.0
DBR_AFLOSDA_2_2_HNWVMDSX3.UDI078_clean	25.300555336236073	37.0	144.77999365824226	151	0.0	34034728.0
DBR_AFMOSDA_2_1_HNWVMDSX3.UDI079_clean	24.680797699316088	38.0	146.04610361202396	151	0.0	33731587.0
DBR_AFMOSDA_2_2_HNWVMDSX3.UDI079_clean	22.233031272211306	38.0	147.01343114985963	151	0.0	33731587.0
DBR_AFNOSDA_2_1_HNWVMDSX3.UDI030_clean	25.117764570834794	37.0	135.81270098808292	151	0.0	44181413.0
DBR_AFNOSDA_2_2_HNWVMDSX3.UDI030_clean	24.16919062019248	37.0	136.9204335542641	151	0.0	44181413.0
DBR_AFOOSDA_2_1_HNWVMDSX3.UDI096_clean	25.686039674721854	37.0	140.6934155645833	151	0.0	30101776.0
DBR_AFOOSDA_2_2_HNWVMDSX3.UDI096_clean	24.4679736220387	37.0	141.78028625287757	151	0.0	30101776.0
DBR_AFPOSDA_2_1_HNWVMDSX3.UDI080_clean	22.295852212984798	36.0	130.28260615509063	151	0.0	26774293.0
DBR_AFPOSDA_2_2_HNWVMDSX3.UDI080_clean	21.5984558007041	36.0	131.14034674977225	151	0.0	26774293.0
DBR_AFQOSDA_2_1_HNWVMDSX3.UDI031_clean	24.531980796342253	36.0	142.80114054811222	151	0.0	27433652.0
DBR_AFQOSDA_2_2_HNWVMDSX3.UDI031_clean	22.119984920344393	37.0	143.68049733225456	151	0.0	27433652.0
DBR_AFROSDA_2_1_HNWVMDSX3.UDI032_clean	24.249599258550106	37.0	134.6398955957001	151	0.0	29824059.0
DBR_AFROSDA_2_2_HNWVMDSX3.UDI032_clean	23.032367584708766	37.0	134.6052567157274	151	0.0	29824059.0
DBR_AFSOSDA_2_1_HNWVMDSX3.UDI081_clean	23.498379805728604	37.0	139.58633679910412	151	0.0	30465277.0
DBR_AFSOSDA_2_2_HNWVMDSX3.UDI081_clean	22.674487892573595	37.0	140.74143704651036	151	0.0	30465277.0
DBR_AFTOSDA_2_1_HNWVMDSX3.UDI033_clean	27.520301986336108	37.0	143.76214886703573	151	0.0	36481159.0
DBR_AFTOSDA_2_2_HNWVMDSX3.UDI033_clean	25.95101299547433	37.0	144.7294357616215	151	0.0	36481159.0
DBR_AFUOSDA_2_1_HNWVMDSX3.UDI082_clean	23.165679483066853	38.0	135.3357148672426	151	0.0	33237542.0
DBR_AFUOSDA_2_2_HNWVMDSX3.UDI082_clean	22.134740955126134	38.0	136.65506188754873	151	0.0	33237542.0
DBR_AFVOSDA_2_1_HNWVMDSX3.UDI006_clean	26.980965220322076	37.0	139.3478500900101	151	0.0	40551000.0
DBR_AFVOSDA_2_2_HNWVMDSX3.UDI006_clean	25.970788766906807	37.0	140.32237520653004	151	0.0	40551000.0
DBR_AFWOSDA_2_1_HNWVMDSX3.UDI034_clean	27.124747115513543	37.0	131.9550996850277	151	0.0	35705362.0
DBR_AFWOSDA_2_2_HNWVMDSX3.UDI034_clean	26.44195619022038	37.0	132.87559798441478	151	0.0	35705362.0
DBR_AFXOSDA_2_1_HNWVMDSX3.UDI083_clean	26.301663584666002	35.0	148.3162517431292	151	0.0	19985610.0
DBR_AFXOSDA_2_2_HNWVMDSX3.UDI083_clean	22.853828178255725	36.0	149.38318144905259	151	0.0	19985610.0
DBR_AFYOSDA_2_1_HNWVMDSX3.UDI084_clean	29.850498658239616	36.0	145.84558993531326	151	0.0	22811162.0
DBR_AFYOSDA_2_2_HNWVMDSX3.UDI084_clean	27.05041395427442	36.0	146.63838098208237	151	0.0	22811162.0
DBR_AFZOSDA_2_1_HNWVMDSX3.UDI085_clean	28.644803620820852	36.0	145.64955569284155	151	0.0	15898686.0
DBR_AFZOSDA_2_2_HNWVMDSX3.UDI085_clean	26.405176943795965	36.0	146.66804495667125	151	0.0	15898686.0
DBR_AGAOSDA_2_1_HNWVMDSX3.UDI035_clean	28.374595563238586	39.0	145.40091503686722	151	0.0	51320118.0
DBR_AGAOSDA_2_2_HNWVMDSX3.UDI035_clean	26.203227416914686	39.0	146.2809188396644	151	0.0	51320118.0
DBR_AGBOSDA_2_1_HNWVMDSX3.UDI036_clean	27.681965171615445	37.0	145.02521055127656	151	0.0	38757661.0
DBR_AGBOSDA_2_2_HNWVMDSX3.UDI036_clean	25.112954165107	37.0	145.77431476063532	151	0.0	38757661.0
DBR_AGCOSDA_2_1_H2H3LDSX5.UDI009_clean	29.190714565882317	37.0	146.79561942185765	151	0.0	34833393.0
DBR_AGCOSDA_2_2_H2H3LDSX5.UDI009_clean	25.801489174797894	37.0	147.7527351986641	151	0.0	34833393.0
DBR_AGDOSDA_2_1_HNWVMDSX3.UDI037_clean	26.24167463756062	37.0	143.0858915246498	151	0.0	51378585.0
DBR_AGDOSDA_2_2_HNWVMDSX3.UDI037_clean	24.88985542587642	37.0	144.04904510313003	151	0.0	51378585.0
DBR_AGEOSDA_2_1_HNWVMDSX3.UDI088_clean	25.922669086537596	37.0	146.56624175656998	151	0.0	34128239.0
DBR_AGEOSDA_2_2_HNWVMDSX3.UDI088_clean	23.637043976433887	37.0	147.61085299478827	151	0.0	34128239.0
DBR_AGFOSDA_2_1_HNWVMDSX3.UDI089_clean	23.843722224044456	37.0	137.36016343906218	151	0.0	28413281.0
DBR_AGFOSDA_2_2_HNWVMDSX3.UDI089_clean	22.251888227021226	37.0	138.29844008511373	151	0.0	28413281.0
DBR_AGGOSDA_2_1_HNWVMDSX3.UDI038_clean	29.73131022648674	37.0	144.27606018193515	151	0.0	41567889.0
DBR_AGGOSDA_2_2_HNWVMDSX3.UDI038_clean	28.028039497069628	37.0	145.22656358613736	151	0.0	41567889.0
DBR_AGHOSDA_2_1_HNWVMDSX3.UDI090_clean	22.79689825265436	37.0	132.80296195775125	151	0.0	35296047.0
DBR_AGHOSDA_2_2_HNWVMDSX3.UDI090_clean	21.756753545225337	37.0	133.77172500365268	151	0.0	35296047.0
DBR_AGIOSDA_2_1_HNWVMDSX3.UDI091_clean	26.596693031453967	37.0	145.13697058703815	151	0.0	39727281.0
DBR_AGIOSDA_2_2_HNWVMDSX3.UDI091_clean	24.289584456490857	38.0	144.78632675616538	151	0.0	39727281.0
DBR_AGJOSDA_2_1_HNWVMDSX3.UDI039_clean	26.592667105920015	37.0	144.38364528298627	151	0.0	34504553.0
DBR_AGJOSDA_2_2_HNWVMDSX3.UDI039_clean	24.647830434621056	37.0	145.3398705382446	151	0.0	34504553.0
DBR_AGKOSDA_2_1_HNWVMDSX3.UDI040_clean	25.1240380163333	36.0	147.31568531479184	151	0.0	25667263.0
DBR_AGKOSDA_2_2_HNWVMDSX3.UDI040_clean	22.992773824654435	37.0	148.44097023512012	151	0.0	25667263.0
DBR_AGLOSDA_2_1_HNWVMDSX3.UDI092_clean	26.185306562278512	37.0	145.92877441653744	151	0.0	38315783.0
DBR_AGLOSDA_2_2_HNWVMDSX3.UDI092_clean	23.430200930420213	38.0	146.8890203026779	151	0.0	38315783.0
DBR_AGMOSDA_2_1_HNWVMDSX3.UDI093_clean	23.234343708541886	41.0	145.4396074731842	151	9.090909090909092	38208345.0
DBR_AGMOSDA_2_2_HNWVMDSX3.UDI093_clean	21.391509252005903	41.0	146.21290707566632	151	9.090909090909092	38208345.0
DBR_AGNOSDA_7_1_22VLJNLT4.UDI175_clean	30.19198494608554	38.0	133.41342153727157	151	0.0	160864926.0
DBR_AGNOSDA_7_2_22VLJNLT4.UDI175_clean	30.117567585071384	38.0	133.65313648296458	151	9.090909090909092	160864926.0
DBR_AGOOSDA_7_1_22VLJNLT4.UDI176_clean	24.92142916290257	34.0	85.16351401331751	82	0.0	222779224.0
DBR_AGOOSDA_7_2_22VLJNLT4.UDI176_clean	24.559737263741994	34.0	85.39889862889548	82	9.090909090909092	222779224.0
DBR_AGPOSDA_7_1_22VLJNLT4.UDI177_clean	50.48724913910647	35.0	107.8844494816685	107	18.181818181818183	217411634.0
DBR_AGPOSDA_7_2_22VLJNLT4.UDI177_clean	49.82049400492854	35.0	108.04973313893589	107	18.181818181818183	217411634.0
DBR_AGQOSDA_7_1_22VLJNLT4.UDI178_clean	39.40181258943621	36.0	120.21905321826883	127	9.090909090909092	172032428.0
DBR_AGQOSDA_7_2_22VLJNLT4.UDI178_clean	39.0098765531516	36.0	120.39204303388661	127	18.181818181818183	172032428.0
DBR_AGROSDA_7_1_22VLJNLT4.UDI179_clean	31.286363549757652	38.0	122.59639372752856	137	0.0	182814639.0
DBR_AGROSDA_7_2_22VLJNLT4.UDI179_clean	31.078230530310947	38.0	122.76922748511403	137	9.090909090909092	182814639.0
DSW_AAAAOSDA_4_1_22VLJNLT4.UDI289_clean	13.623743723088737	37.0	144.28905600177043	151	9.090909090909092	36167303.0
DSW_AAAAOSDA_4_2_22VLJNLT4.UDI289_clean	13.780173152539462	37.0	145.39256933258199	151	0.0	36167303.0
DSW_AAABOSDA_4_1_22VLJNLT4.UDI301_clean	15.489825261255504	37.0	142.19588181319642	151	9.090909090909092	44353209.0
DSW_AAABOSDA_4_2_22VLJNLT4.UDI301_clean	15.562228867563206	37.0	143.39355371107422	151	0.0	44353209.0
DSW_AAACOSDA_4_1_22VLJNLT4.UDI313_clean	13.955703517048462	37.0	144.67700377526805	151	9.090909090909092	32548947.0
DSW_AAACOSDA_4_2_22VLJNLT4.UDI313_clean	14.041501377553317	37.0	145.88548846142396	151	0.0	32548947.0
DSW_AAADOSDA_4_1_22VLJNLT4.UDI325_clean	8.174586595267513	42.0	141.937951707132	151	9.090909090909092	32841661.0
DSW_AAADOSDA_4_2_22VLJNLT4.UDI325_clean	8.317345418546424	43.0	142.91514159408686	151	0.0	32841661.0
DSW_AAAEOSDA_4_1_22VLJNLT4.UDI337_clean	13.440725609756086	37.0	140.3618670372741	151	9.090909090909092	35789173.0
DSW_AAAEOSDA_4_2_22VLJNLT4.UDI337_clean	13.548485603242256	37.0	141.38237980519975	151	0.0	35789173.0
DSW_AAAFOSDA_4_1_22VLJNLT4.UDI349_clean	15.266584966931546	36.0	147.6401145445639	151	9.090909090909092	27460404.0
DSW_AAAFOSDA_4_2_22VLJNLT4.UDI349_clean	15.341424777311445	37.0	148.96933715906002	151	0.0	27460404.0
DSW_AAAGOSDA_4_1_22VLJNLT4.UDI361_clean	7.467450617425044	43.0	142.74051212182536	151	9.090909090909092	32064519.0
DSW_AAAGOSDA_4_2_22VLJNLT4.UDI361_clean	7.655025726803444	43.0	143.64452365557082	151	0.0	32064519.0
DSW_AAAHOSDA_4_1_22VLJNLT4.UDI373_clean	11.917153231148575	37.0	140.8179913113773	151	9.090909090909092	33252451.0
DSW_AAAHOSDA_4_2_22VLJNLT4.UDI373_clean	12.061317905910045	37.0	142.14440051351403	151	0.0	33252451.0
DSW_AAAIOSDA_4_1_22VLJNLT4.UDI290_clean	15.719052204577238	37.0	145.10764171976044	151	9.090909090909092	33380719.0
DSW_AAAIOSDA_4_2_22VLJNLT4.UDI290_clean	15.888536584624788	37.0	146.23444713698348	151	0.0	33380719.0
DSW_AAAJOSDA_4_1_22VLJNLT4.UDI302_clean	7.992980301319335	42.0	133.00658374307653	151	9.090909090909092	37089084.0
DSW_AAAJOSDA_4_2_22VLJNLT4.UDI302_clean	8.072463302538623	42.0	133.8998137295599	151	0.0	37089084.0
DSW_AAAKOSDA_4_1_22VLJNLT4.UDI314_clean	13.922803995384797	38.0	137.91388029188948	151	18.181818181818183	33316857.0
DSW_AAAKOSDA_4_2_22VLJNLT4.UDI314_clean	13.329377972803414	38.0	138.7385197829435	151	0.0	33316857.0
DSW_AAALOSDA_4_1_22VLJNLT4.UDI326_clean	14.139158147130843	37.0	144.02566594295035	151	9.090909090909092	26783976.0
DSW_AAALOSDA_4_2_22VLJNLT4.UDI326_clean	14.068137301496847	37.0	145.27859508237313	151	0.0	26783976.0
DSW_AAAMOSDA_4_1_22VLJNLT4.UDI338_clean	13.536342766184433	37.0	145.35184398613555	151	9.090909090909092	27406795.0
DSW_AAAMOSDA_4_2_22VLJNLT4.UDI338_clean	13.465832412335317	37.0	146.4450889642514	151	0.0	27406795.0
DSW_AAANOSDA_1_1_22VLKFLT4.UDI120_clean	14.523613068277456	36.0	136.76391588686283	151	9.090909090909092	28748042.0
DSW_AAANOSDA_1_2_22VLKFLT4.UDI120_clean	13.279477842878535	36.0	137.63363873616157	151	0.0	28748042.0
DSW_AAAOOSDA_4_1_22VLJNLT4.UDI362_clean	11.917639361121985	37.0	144.5083853739809	151	9.090909090909092	38109153.0
DSW_AAAOOSDA_4_2_22VLJNLT4.UDI362_clean	12.164058733471506	37.0	144.90925500233502	151	0.0	38109153.0
DSW_AAAPOSDA_4_1_22VLJNLT4.UDI374_clean	14.371932376237211	37.0	146.6930266794178	151	9.090909090909092	31943763.0
DSW_AAAPOSDA_4_2_22VLJNLT4.UDI374_clean	14.340223997763673	37.0	147.87315611501376	151	0.0	31943763.0
DSW_AAAQOSDA_4_1_22VLJNLT4.UDI291_clean	15.125074057098857	37.0	144.81240274260364	151	9.090909090909092	29806859.0
DSW_AAAQOSDA_4_2_22VLJNLT4.UDI291_clean	15.286761628213952	37.0	145.92823068005924	151	0.0	29806859.0
DSW_AAAROSDA_4_1_22VLJNLT4.UDI303_clean	13.99888252753054	37.0	144.78128733749116	151	9.090909090909092	36103959.0
DSW_AAAROSDA_4_2_22VLJNLT4.UDI303_clean	14.121561779985484	37.0	145.96647495084957	151	0.0	36103959.0
DSW_AAASOSDA_4_1_22VLJNLT4.UDI315_clean	11.109126821433392	37.0	142.72125896360768	151	9.090909090909092	32839456.0
DSW_AAASOSDA_4_2_22VLJNLT4.UDI315_clean	10.747798150749887	37.0	144.0126720430448	151	0.0	32839456.0
DSW_AAATOSDA_4_1_22VLJNLT4.UDI327_clean	15.087479235123055	37.0	145.64970786645625	151	9.090909090909092	29457076.0
DSW_AAATOSDA_4_2_22VLJNLT4.UDI327_clean	15.132559125438235	37.0	146.72376178816933	151	0.0	29457076.0
DSW_AAAUOSDA_4_1_22VLJNLT4.UDI339_clean	12.185309594788691	36.0	140.52495343777144	151	9.090909090909092	26450624.0
DSW_AAAUOSDA_4_2_22VLJNLT4.UDI339_clean	12.16150658326201	36.0	141.7037922432378	151	0.0	26450624.0
DSW_AAAVOSDA_5_1_22VLJNLT4.UDI351_clean	8.627437164484803	51.0	147.81259110959354	151	9.090909090909092	26562790.0
DSW_AAAVOSDA_5_2_22VLJNLT4.UDI351_clean	10.476209853204153	52.0	148.30306805120998	151	18.181818181818183	26562790.0
DSW_AAAWOSDA_5_1_22VLJNLT4.UDI363_clean	12.992720347779908	37.0	144.9344159264233	151	0.0	32692739.0
DSW_AAAWOSDA_5_2_22VLJNLT4.UDI363_clean	13.037733829620294	37.0	146.05846753922944	151	0.0	32692739.0
DSW_AAAXOSDA_5_1_22VLJNLT4.UDI375_clean	11.027553327016207	42.0	143.09057703458805	151	9.090909090909092	31728462.0
DSW_AAAXOSDA_5_2_22VLJNLT4.UDI375_clean	11.225916242042615	42.0	143.97434766929453	151	9.090909090909092	31728462.0
DSW_AAAYOSDA_5_1_22VLJNLT4.UDI292_clean	10.24919582259011	36.0	138.20411559564624	151	0.0	25410611.0
DSW_AAAYOSDA_5_2_22VLJNLT4.UDI292_clean	10.26102525354932	36.0	139.37357145800232	151	0.0	25410611.0
DSW_AAAZOSDA_5_1_22VLJNLT4.UDI304_clean	11.228655412742171	41.0	144.08152734470988	151	0.0	33264606.0
DSW_AAAZOSDA_5_2_22VLJNLT4.UDI304_clean	11.437359118051958	41.0	144.86598930406691	151	9.090909090909092	33264606.0
DSW_AABAOSDA_5_1_22VLJNLT4.UDI316_clean	10.912412245898679	36.0	145.00651421837597	151	0.0	26956419.0
DSW_AABAOSDA_5_2_22VLJNLT4.UDI316_clean	11.093479678056028	36.0	145.98933289321553	151	0.0	26956419.0
DSW_AABBOSDA_5_1_22VLJNLT4.UDI328_clean	12.791319022927468	36.0	140.82105787362016	151	9.090909090909092	26757355.0
DSW_AABBOSDA_5_2_22VLJNLT4.UDI328_clean	12.412793777961099	36.0	141.97656741482857	151	0.0	26757355.0
DSW_AABCOSDA_1_1_22VLKFLT4.UDI121_clean	12.873275729121502	36.0	140.4255866688868	151	0.0	31613744.0
DSW_AABCOSDA_1_2_22VLKFLT4.UDI121_clean	12.36734129819527	36.0	141.52396584219827	151	0.0	31613744.0
DSW_AABDOSDA_5_1_22VLJNLT4.UDI352_clean	12.342967676363372	47.0	146.6251395814799	151	9.090909090909092	30552943.0
DSW_AABDOSDA_5_2_22VLJNLT4.UDI352_clean	13.03874841679324	47.0	147.10969182248664	151	18.181818181818183	30552943.0
DSW_AABEOSDA_1_1_22VLKFLT4.UDI122_clean	14.641209538562563	37.0	144.15775781887243	151	0.0	29780413.0
DSW_AABEOSDA_1_2_22VLKFLT4.UDI122_clean	14.715395278263173	37.0	145.26965193531734	151	0.0	29780413.0
DSW_AABFOSDA_5_1_22VLJNLT4.UDI376_clean	16.752613680015912	35.0	134.0814763331181	151	9.090909090909092	33083509.0
DSW_AABFOSDA_5_2_22VLJNLT4.UDI376_clean	15.948072391374552	35.0	135.13577537981234	151	9.090909090909092	33083509.0
DSW_AABGOSDA_5_1_22VLJNLT4.UDI293_clean	15.258167529135108	38.0	143.96690726480784	151	0.0	42982183.0
DSW_AABGOSDA_5_2_22VLJNLT4.UDI293_clean	15.372080350794647	38.0	145.02916103632987	151	0.0	42982183.0
DSW_AABHOSDA_5_1_22VLJNLT4.UDI305_clean	15.060195516157549	36.0	146.52277063117782	151	0.0	30375750.0
DSW_AABHOSDA_5_2_22VLJNLT4.UDI305_clean	15.138362116303185	37.0	147.5488106137297	151	0.0	30375750.0
DSW_AABIOSDA_5_1_22VLJNLT4.UDI317_clean	14.130003898668875	38.0	142.53871140557996	151	0.0	33781956.0
DSW_AABIOSDA_5_2_22VLJNLT4.UDI317_clean	14.20035815377318	38.0	143.55706493134974	151	0.0	33781956.0
DSW_AABJOSDA_5_1_22VLJNLT4.UDI329_clean	15.372098893177196	37.0	145.51204161314544	151	0.0	33251608.0
DSW_AABJOSDA_5_2_22VLJNLT4.UDI329_clean	15.392676720175686	37.0	146.47635254210863	151	0.0	33251608.0
DSW_AABKOSDA_5_1_22VLJNLT4.UDI341_clean	16.174724360478024	37.0	145.1805071494577	151	0.0	39839735.0
DSW_AABKOSDA_5_2_22VLJNLT4.UDI341_clean	16.396540302529175	37.0	146.20177792347263	151	0.0	39839735.0
DSW_AABLOSDA_5_1_22VLJNLT4.UDI353_clean	16.721934188753963	37.0	148.41776977864984	151	0.0	26730136.0
DSW_AABLOSDA_5_2_22VLJNLT4.UDI353_clean	16.82451240659472	37.0	149.62050728062138	151	0.0	26730136.0
DSW_AABMOSDA_5_1_22VLJNLT4.UDI365_clean	16.855684031886113	37.0	144.23273448069	151	0.0	30515242.0
DSW_AABMOSDA_5_2_22VLJNLT4.UDI365_clean	16.85713738680181	37.0	145.22705223835354	151	0.0	30515242.0
DSW_AABNOSDA_5_1_22VLJNLT4.UDI377_clean	18.360504552251342	37.0	144.84030758140366	151	0.0	33398248.0
DSW_AABNOSDA_5_2_22VLJNLT4.UDI377_clean	18.503802228146753	37.0	145.7974549144015	151	0.0	33398248.0
DSW_AABOOSDA_5_1_22VLJNLT4.UDI294_clean	21.457358402719862	36.0	140.5719899928624	151	0.0	46301352.0
DSW_AABOOSDA_5_2_22VLJNLT4.UDI294_clean	21.466563986156302	36.0	140.72772246477814	151	0.0	46301352.0
DSW_AABPOSDA_5_1_22VLJNLT4.UDI306_clean	18.77310473246787	36.0	144.50235167231554	151	0.0	36871421.0
DSW_AABPOSDA_5_2_22VLJNLT4.UDI306_clean	18.84374399617137	36.0	144.60293795023523	151	0.0	36871421.0
DSW_AABQOSDA_5_1_22VLJNLT4.UDI318_clean	12.396074375631486	32.0	147.4502299402642	151	0.0	31624083.0
DSW_AABQOSDA_5_2_22VLJNLT4.UDI318_clean	12.457446301450133	32.0	147.57595902464587	151	0.0	31624083.0
DSW_AABROSDA_6_1_22VLJNLT4.UDI330_clean	22.692473575739797	37.0	147.96599705834527	151	9.090909090909092	38852962.0
DSW_AABROSDA_6_2_22VLJNLT4.UDI330_clean	22.62577721858051	37.0	148.19996658169845	151	0.0	38852962.0
DSW_AABSOSDA_6_1_22VLJNLT4.UDI342_clean	13.089207014490654	32.0	146.0988892851839	151	0.0	35829089.0
DSW_AABSOSDA_6_2_22VLJNLT4.UDI342_clean	13.056372838791404	32.0	146.3758229242167	151	0.0	35829089.0
DSW_AABTOSDA_6_1_22VLJNLT4.UDI354_clean	23.111573808909327	35.0	149.60873518527478	151	0.0	27180305.0
DSW_AABTOSDA_6_2_22VLJNLT4.UDI354_clean	23.020736904810875	35.0	149.88858719576547	151	0.0	27180305.0
DSW_AABUOSDA_6_1_22VLJNLT4.UDI366_clean	12.484643824830442	32.0	147.98563345318098	151	0.0	36585340.0
DSW_AABUOSDA_6_2_22VLJNLT4.UDI366_clean	12.537759928784908	32.0	148.10261842585035	151	0.0	36585340.0
DSW_AABVOSDA_1_1_22VLKFLT4.UDI123_clean	16.257612966359673	39.0	144.65423292830215	151	0.0	30986256.0
DSW_AABVOSDA_1_2_22VLKFLT4.UDI123_clean	16.343672518545816	40.0	145.0372963419653	151	0.0	30986256.0
DSW_AABWOSDA_6_1_22VLJNLT4.UDI295_clean	17.861501446573655	37.0	145.5512433619057	151	0.0	38297136.0
DSW_AABWOSDA_6_2_22VLJNLT4.UDI295_clean	17.800010439462383	38.0	146.97056082731618	151	0.0	38297136.0
DSW_AABXOSDA_6_1_22VLJNLT4.UDI307_clean	17.747130125708352	38.0	145.5562917437944	151	0.0	36538964.0
DSW_AABXOSDA_6_2_22VLJNLT4.UDI307_clean	17.623401180208845	38.0	146.59936737669958	151	0.0	36538964.0
DSW_AABYOSDA_6_1_22VLJNLT4.UDI319_clean	19.12975488233431	36.0	146.49928070274976	151	0.0	31602373.0
DSW_AABYOSDA_6_2_22VLJNLT4.UDI319_clean	18.995971969979493	36.0	147.5445064837378	151	0.0	31602373.0
DSW_AABZOSDA_6_1_22VLJNLT4.UDI331_clean	24.531149481197943	37.0	145.3477783361154	151	0.0	32103236.0
DSW_AABZOSDA_6_2_22VLJNLT4.UDI331_clean	24.454837089754065	37.0	146.47760574666054	151	0.0	32103236.0
DSW_AACAOSDA_6_1_22VLJNLT4.UDI343_clean	12.219086357142956	41.0	144.54099099157256	151	0.0	37952351.0
DSW_AACAOSDA_6_2_22VLJNLT4.UDI343_clean	12.12433523604335	41.0	145.27268600567064	151	0.0	37952351.0
DSW_AACBOSDA_6_1_22VLJNLT4.UDI355_clean	18.465794670436168	42.0	147.62418964921682	151	0.0	45303683.0
DSW_AACBOSDA_6_2_22VLJNLT4.UDI355_clean	18.115211865529375	42.0	148.10364563516833	151	0.0	45303683.0
DSW_AACCOSDA_6_1_22VLJNLT4.UDI367_clean	16.91749982493694	37.0	144.99398118634804	151	0.0	31614702.0
DSW_AACCOSDA_6_2_22VLJNLT4.UDI367_clean	16.898819219905803	37.0	146.13392111050106	151	0.0	31614702.0
DSW_AACDOSDA_6_1_22VLJNLT4.UDI379_clean	17.99207125145564	37.0	144.85713122267768	151	0.0	29211239.0
DSW_AACDOSDA_6_2_22VLJNLT4.UDI379_clean	17.96282882006828	38.0	145.94782083704152	151	0.0	29211239.0
DSW_AACEOSDA_6_1_22VLJNLT4.UDI296_clean	14.14551667914597	37.0	145.98422424893235	151	0.0	38357730.0
DSW_AACEOSDA_6_2_22VLJNLT4.UDI296_clean	13.984059853522268	37.0	146.94567423567557	151	0.0	38357730.0
DSW_AACFOSDA_6_1_22VLJNLT4.UDI308_clean	18.204926585679445	35.0	142.79550843645055	151	9.090909090909092	41548516.0
DSW_AACFOSDA_6_2_22VLJNLT4.UDI308_clean	17.524275755881845	35.0	143.93258620837383	151	9.090909090909092	41548516.0
DSW_AACGOSDA_6_1_22VLJNLT4.UDI320_clean	16.514954069984498	37.0	146.7507618631545	151	0.0	37417809.0
DSW_AACGOSDA_6_2_22VLJNLT4.UDI320_clean	16.44473666865187	37.0	148.0098555476618	151	0.0	37417809.0
DSW_AACHOSDA_6_1_22VLJNLT4.UDI332_clean	11.537246880257584	41.0	144.5819301171276	151	9.090909090909092	30735285.0
DSW_AACHOSDA_6_2_22VLJNLT4.UDI332_clean	11.236246748240845	41.0	145.40802885022865	151	0.0	30735285.0
DSW_AACIOSDA_6_1_22VLJNLT4.UDI344_clean	12.565324113106485	36.0	146.03264554938576	151	9.090909090909092	31065521.0
DSW_AACIOSDA_6_2_22VLJNLT4.UDI344_clean	12.596236733560644	36.0	147.1951415847814	151	0.0	31065521.0
DSW_AACJOSDA_6_1_22VLJNLT4.UDI356_clean	16.038202986238275	35.0	147.06799520892955	151	0.0	31112045.0
DSW_AACJOSDA_6_2_22VLJNLT4.UDI356_clean	15.746568458736803	35.0	148.19040304165156	151	0.0	31112045.0
DSW_AACKOSDA_6_1_22VLJNLT4.UDI368_clean	9.065526464804378	45.0	145.39010760467306	151	9.090909090909092	30265693.0
DSW_AACKOSDA_6_2_22VLJNLT4.UDI368_clean	9.18146426652659	45.0	146.28414095788258	151	9.090909090909092	30265693.0
DSW_AACLOSDA_6_1_22VLJNLT4.UDI380_clean	17.22560978962548	37.0	144.06535054226796	151	0.0	27149308.0
DSW_AACLOSDA_6_2_22VLJNLT4.UDI380_clean	17.057159570282437	37.0	145.17211963560914	151	0.0	27149308.0
DSW_AACMOSDA_7_1_22VLJNLT4.UDI297_clean	13.357914243020957	38.0	142.90602786084833	151	0.0	39077561.0
DSW_AACMOSDA_7_2_22VLJNLT4.UDI297_clean	13.285212108480266	38.0	143.89537512333484	151	9.090909090909092	39077561.0
DSW_AACNOSDA_7_1_22VLJNLT4.UDI309_clean	9.906558041498656	44.0	143.74794816563536	151	0.0	39322253.0
DSW_AACNOSDA_7_2_22VLJNLT4.UDI309_clean	10.03001517551968	44.0	144.6517771502055	151	9.090909090909092	39322253.0
DSW_AACOOSDA_7_1_22VLJNLT4.UDI321_clean	11.302451187078049	41.0	143.35497617533997	151	0.0	32596058.0
DSW_AACOOSDA_7_2_22VLJNLT4.UDI321_clean	11.427030446325873	41.0	144.26142651973439	151	9.090909090909092	32596058.0
DSW_AACPOSDA_7_1_22VLJNLT4.UDI333_clean	11.629012873127593	38.0	140.04610336876897	151	0.0	29926273.0
DSW_AACPOSDA_7_2_22VLJNLT4.UDI333_clean	11.412422155780789	38.0	141.03765460536968	151	9.090909090909092	29926273.0
DSW_AACQOSDA_7_1_22VLJNLT4.UDI345_clean	20.664219244293022	37.0	141.65787634585251	151	0.0	37435380.0
DSW_AACQOSDA_7_2_22VLJNLT4.UDI345_clean	20.617316297083022	37.0	142.9265382106446	151	9.090909090909092	37435380.0
DSW_AACROSDA_7_1_22VLJNLT4.UDI357_clean	18.658559154136967	37.0	148.41511315322697	151	0.0	40305037.0
DSW_AACROSDA_7_2_22VLJNLT4.UDI357_clean	18.715881477612655	37.0	149.70520719283795	151	9.090909090909092	40305037.0
DSW_AACSOSDA_7_1_22VLJNLT4.UDI369_clean	16.950990867522222	37.0	143.04846253768886	151	0.0	36522066.0
DSW_AACSOSDA_7_2_22VLJNLT4.UDI369_clean	16.954039396492632	37.0	144.29254440315617	151	9.090909090909092	36522066.0
DSW_AACTOSDA_7_1_22VLJNLT4.UDI381_clean	9.987553120927402	44.0	145.03206128423284	151	0.0	37755225.0
DSW_AACTOSDA_7_2_22VLJNLT4.UDI381_clean	10.44647661325834	45.0	145.5424430128545	151	9.090909090909092	37755225.0
DSW_AACUOSDA_7_1_22VLJNLT4.UDI298_clean	13.846035169746003	37.0	144.27038696952638	151	0.0	34984822.0
DSW_AACUOSDA_7_2_22VLJNLT4.UDI298_clean	13.631171523354283	37.0	145.25209969626258	151	9.090909090909092	34984822.0
DSW_AACVOSDA_7_1_22VLJNLT4.UDI310_clean	10.356888867011932	44.0	144.74324462110349	151	0.0	39367740.0
DSW_AACVOSDA_7_2_22VLJNLT4.UDI310_clean	10.760934433367026	44.0	145.61984985676088	151	9.090909090909092	39367740.0
DSW_AACWOSDA_7_1_22VLJNLT4.UDI322_clean	9.546579642691881	44.0	146.12763546882437	151	0.0	35425623.0
DSW_AACWOSDA_7_2_22VLJNLT4.UDI322_clean	9.876358804631934	44.0	147.01647431860266	151	9.090909090909092	35425623.0
DSW_AACXOSDA_7_1_22VLJNLT4.UDI334_clean	12.842397189998096	35.0	144.15933810167277	151	0.0	29821982.0
DSW_AACXOSDA_7_2_22VLJNLT4.UDI334_clean	12.760653193045655	35.0	145.24678728596913	151	9.090909090909092	29821982.0
DSW_AACYOSDA_7_1_22VLJNLT4.UDI346_clean	12.913770030754762	35.0	144.11123802209872	151	0.0	31704636.0
DSW_AACYOSDA_7_2_22VLJNLT4.UDI346_clean	12.544561255601892	35.0	145.12963996811067	151	9.090909090909092	31704636.0
DSW_AACZOSDA_7_1_22VLJNLT4.UDI358_clean	13.519633346042738	36.0	146.6067899380202	151	0.0	35704862.0
DSW_AACZOSDA_7_2_22VLJNLT4.UDI358_clean	13.67439314247882	36.0	147.5777770825721	151	9.090909090909092	35704862.0
DSW_AADAOSDA_7_1_22VLJNLT4.UDI370_clean	14.475819294052386	36.0	141.82503062828494	151	0.0	34083691.0
DSW_AADAOSDA_7_2_22VLJNLT4.UDI370_clean	14.143120652174574	36.0	142.97068944205603	151	9.090909090909092	34083691.0
DSW_AADBOSDA_7_1_22VLJNLT4.UDI382_clean	15.940321928945238	38.0	145.2127749119863	151	0.0	35895261.0
DSW_AADBOSDA_7_2_22VLJNLT4.UDI382_clean	16.094525675761787	38.0	146.36023563110462	151	9.090909090909092	35895261.0
